started
step 1
Duration : 2.182
Length : 5.999999999999979
Rotation : 0.0
Precision : 0.0
step 2
Duration : 12.436
Length : 37.99995000041633
Rotation : 0.32000000000378165
Precision : 0.08991219851868948
